local weaponData = {}

local newCf  = CFrame.new
local ffcWia = game.FindFirstChildWhichIsA
local clone  = game.Clone
local ffc    = game.FindFirstChild
local getChildren = game.GetChildren

function weaponData.getModel(pp)
	if pp == "tpp" then
		return clone(script.TppGun)
	else
		local ret = clone(script.fnx45t_t)
		ret.Name = "FppGun"
		return ret
	end
end

function weaponData.getStats()
	return {
		aimMult            = 1.15,
		aimTime            = 0.175,
		bulletColor        = 43,
		bulletGrav         = 0.7,
		bulletLength       = 25,
		bulletPen          = 1.6,
		bulletShowDist     = 26,
		bulletSpeed        = 922,
		bulletWidth        = 0.15,
		dist0              = 80,
		dist1              = 355,
		dist2              = 850,
		dmg0               = 42,
		dmg1               = 14,
		magSize            = 10,
		recoilCamRot       = 1,
		recoilFov          = 2,
		recoilX            = 4.5,
		recoilXDampDur     = 10,
		recoilXDampExp     = 1,
		recoilXDampInit    = 0.8,
		recoilXRec         = 2.65,
		recoilYMult        = 1,
		recoilYPattern     = "3,-0.8,2;7,0.2;10,1.3;20,-1",
		recoilYRan         = 0.48,
		recoilYRec         = 2.1,
		recoilYStart       = 2,
		recoilZ            = 0.24,
		recoilZBackDur     = 0.1,
		recoilZReturnDur   = 0.2,
		rps                = 6.67,
		spread             = 8.2,
		weight             = 0.92,
		supportedFireModes = {
			single  = "single",
			default = "single",
		},
		totalBullets       = 60,		
		
		slideLength        = 0.1,
		swayPivot          = 0.8,
		swayRotX           = 1,
		swayRotY           = 1.1,
		swayRotZ           = 0.55,
		swayTransX         = 0.0033,
		swayTransY         = 0.0077,
		swaySpeed          = 9.66,
		
		suppressed         = false,
	}
end

local function getFppPoses()
	return {
		lowered = {
			FppRightArm = newCf(1.62447345, -1.19905579, -1.0993135, 0.520597577, -0.00833642855, 0.853761554, -0.0943100527, 0.993271828, 0.0672060549, -0.848577559, -0.115505591, 0.516308784),
			FppLeftArm = newCf(-1.80520868, -2.03335595, -1.55803847, 0.793418646, 0.0541855395, -0.606259823, -0.39795357, 0.799840987, -0.449318856, 0.460564822, 0.597761154, 0.656172097),
		},
		holding = {
			FppLeftArm = newCf(-0.7663, -0.6323, -0.9962, 0.8139, 0.1806, -0.5523, -0.4664, 0.7700, -0.4354, 0.3466, 0.6119, 0.7109),
			FppRightArm = newCf(0.4117, 0.4309, -0.2751, 1.0000, 0.0000, 0.0000, 0.0000, 1.0000, 0.0000, 0.0000, 0.0000, 1.0000),
		},
		sprinting = {
			FppLeftArm = newCf(0.2737, -0.7506, -0.6606, 0.9977, 0.0655, -0.0179, -0.0677, 0.9775, -0.2000, 0.0044, 0.2008, 0.9796),
			FppRightArm = newCf(0.8443, 0.0275, -0.9361, 0.9484, -0.2031, 0.2436, 0.1671, 0.9727, 0.1608, -0.2696, -0.1118, 0.9565),
		}
	}
end
function weaponData.getAniData()
	local sounds = {}
	if ffc(script, "Sounds") then
		for _, s in ipairs(getChildren(script.Sounds)) do
			assert(sounds[s.Name] == nil, string.format("%s contains duplicate sounds %s", script.Name, s.Name))
			sounds[s.Name] = s
		end
	end
	local fppPoses = getFppPoses()
	return {
		fppAnimations = {
			holding = {
				{
					goalC0 = fppPoses.holding,
					dur = 0.3,
				},
			},
			sprinting = {
				{
					dur = 0.25,
					goalC0 = fppPoses.sprinting
				}
			},
			equipping = {
				{
					goalC0 = fppPoses.holding,
					dur = 0.3,
				}
			},
			unequipping = {
				{
					goalC0 = fppPoses.lowered,
					dur = 0.3,
				}
			},
			lowering = {
				{
					goalC0 = fppPoses.lowered,
					dur = 0.3,
				}
			},
			reloading = {
				[1] = {
					goalC0 = {
						FppRightArm = newCf(0.807718277, 0.0215387642, -0.176099241, 0.723738849, -0.658003151, -0.207927778, 0.636606276, 0.752925575, -0.166839778, 0.266335249, -0.0116196871, 0.963810503),
						FppLeftArm = newCf(-1.05728686, -0.769357204, -1.07722938, 0.799367964, 0.583088338, 0.144979209, -0.393496215, 0.325696409, 0.85969919, 0.454061329, -0.744264781, 0.489794314),
					},
					dur = 0.15,
				},
				[2] = {
					actions = {
						-- {
						-- 	actionName = "clone",
						-- 	template   = "WeaponMag",
						-- 	cloneName  = "WeaponMagIn",
						-- 	dest       = "FppGun",
						-- 	initialC0  = newCf(1.14147544, -3.1866467, -0.641023815, 0.886158705, -0.443181634, -0.135324746, 0, 0.292037219, -0.956406951, 0.463381857, 0.847528338, 0.258791327),
						-- },
						{
							actionName = "playSound",
							soundName  = "MagOut"
						}
					},
					goalC0 = {
						FppRightArm = newCf(0.450125933, -0.222771093, -0.265288234, 0.981098473, 0.16667451, -0.0983127579, -0.184235916, 0.95993948, -0.211123645, 0.0591853932, 0.225245833, 0.972502708),
						WeaponMag = newCf(0, -0.0466524661, 0, 0.997031868, -0.0769900382, 0, 0.0769900382, 0.997031868, 0, 0, 0, 1),
						--WeaponMagIn = 
					},
					dur = 0.1,
				},
				[3] = {
					actions = {
						{
							actionName = "playSound",
							soundName  = "GrabMag",
						}
					},
					goalC0 = {
						FppRightArm = newCf(0.364505827, -0.369081676, -0.305706799, 0.865426183, 0.491296411, -0.098312825, -0.500588417, 0.839546382, -0.21112375, -0.0211861692, 0.231926262, 0.972502649),
						WeaponMag = newCf(0.0191694926, -0.294903249, -1.34110451e-07, 0.997031927, -0.0743383616, -0.0200285725, 0.0769891962, 0.96270293, 0.259375691, 0, -0.26014784, 0.965568781),
						-- WeaponMagIn = newCf(0.107369378, -3.30898762, -0.599505365, 0.886158705, -0.443181634, -0.135324746, 2.98023224e-08, 0.292037278, -0.956406951, 0.463381857, 0.847528338, 0.258791387),
					},
					dur = 0.1,
				},
				[4] ={
					goalC0 = {
						WeaponMag = newCf(0.0824335814, -1.11419106, 0.222534716, 0.997031868, -0.0395671017, -0.0660437495, 0.076989159, 0.512405396, 0.855285585, 3.72529008e-09, -0.857831657, 0.513930857),
					},
					dur = 0.12,
				},
				[5] = {
					goalC0 = {
						WeaponMag = newCf(0.178529188, -2.35866141, 0.794585764, 0.997031927, 0.0486762822, -0.0596485436, 0.076989159, -0.630371928, 0.772466123, 1.11758709e-08, -0.77476567, -0.632248402),
					},
					dur = 0.12,
				},
				[6] = {
					goalC0 = {
						-- WeaponMag = newCf(0.306573212, -4.01686287, 2.15179658, 0.997032046, 0.075627692, 0.0144146476, 0.076989159, -0.979400635, -0.18667388, -3.7252903e-09, 0.187229663, -0.982316196),
						FppLeftArm = newCf(-0.853277445, -0.751811743, -1.14516997, 0.811708272, 0.437170058, -0.387313843, -0.38353011, 0.899090767, 0.211045966, 0.440493286, -0.0227612108, 0.897467315),
					},
					dur = 0.12
				},
				[7] = {
					goalC0 = {
						-- WeaponMag = newCf(0.498652428, -6.5043478, 3.52652621, 0.997032046, 0.0337224826, 0.069210723, 0.0769891664, -0.43671608, -0.896298885, 1.44354999e-08, 0.898967147, -0.438016206),
					},
					dur = 0.12,
				},
				[8] = {
					actions = {
						{
							actionName = "playSound",
							soundName  = "MagIn"
						}
					},
					goalC0 = {
						-- WeaponMagIn = newCf(-0.0411217138, -0.708420873, 0.12599653, 0.996462584, 0.0659980103, -0.0520238727, -0.0443218574, 0.938691854, 0.341896594, 0.071398817, -0.33838132, 0.938296556),
						FppLeftArm = newCf(-0.771673918, -0.744793534, -1.17234635, 0.799367905, 0.264648736, -0.539417982, -0.393496126, 0.909040928, -0.137132287, 0.45406121, 0.321878076, 0.83079654),
					},
					dur = 0.15,
				},
				[9] = {
					goalC0 = {
						FppRightArm = newCf(0.364505768, -0.369081646, -0.30570668, 0.865426183, 0.489346743, -0.10759756, -0.500588298, 0.835398376, -0.226982147, -0.0211861618, 0.250298351, 0.967936933),
						-- WeaponMagIn = newCf(-0.00718898419, -0.158512086, 0.00175639242, 0.996462643, 0.0606879555, -0.0581307672, -0.044321809, 0.967225432, 0.250020921, 0.0713988245, -0.246560067, 0.966493785),
						FppLeftArm = newCf(-0.587463319, -0.381615341, -0.992796242, 0.799367905, 0.264648795, -0.539418221, -0.393496275, 0.909040928, -0.137132317, 0.454061329, 0.321878195, 0.83079648),
					},
					dur = 0.15
				},
				[10] = {
					goalC0 = {
						FppRightArm = newCf(0.364505827, -0.369081706, -0.30570668, 0.865426183, 0.481202453, -0.139576763, -0.500588298, 0.818644702, -0.28148219, -0.0211861543, 0.313472569, 0.949360907),
						-- WeaponMagIn = newCf(0.000538944267, -0.0353465974, -0.0296402387, 0.996462643, 0.0581785478, -0.0606421307, -0.0443218015, 0.976922393, 0.208945617, 0.0713988021, -0.205518723, 0.976045251),
						FppLeftArm = newCf(-0.520997763, -0.153313175, -0.911957741, 0.799367905, 0.264648795, -0.539418221, -0.393496215, 0.909040928, -0.137132302, 0.454061329, 0.321878195, 0.83079648),
					},
					dur = 0.15
				},
				-- [11] = {
				-- 	actions = {
				-- 		{
				-- 			actionName = "destroy",
				-- 			partName   = "WeaponMag"
				-- 		},
				-- 		{
				-- 			actionName = "rename",
				-- 			oldName    = "WeaponMagIn",
				-- 			newName    = "WeaponMag"
				-- 		},
				-- 	},
				-- 	goalC0 = {

				-- 	},
				-- 	dur = 0.05,
				-- }
			},
		},
		tppAnimations = {
			holding = {
				[1] = {
					dur = 0.3,
					goalC0 = {
						LeftUpperArm = newCf(-0.611410558, -0.0850132704, 0.0670137107, 0.984826386, -0.156277031, -0.0754616633, 0.00488007069, 0.459597707, -0.888113797, 0.173473775, 0.874269605, 0.453386545),
						RightUpperArm = newCf(0.4230932, -0.0393699184, -0.205213845, 0.734220982, 0.634178698, 0.242357045, 0.00660690991, 0.350288063, -0.936618745, -0.678878427, 0.689286292, 0.252998829),
						LeftLowerArm = newCf(-4.76837158e-07, -0.199999943, 8.94069672e-08, 1, 0, 0, 0, 0.890900731, -0.454198241, 0, 0.454198241, 0.890900731),
						RightLowerArm = newCf(-4.76837158e-07, -0.200000286, 8.94069672e-08, 1, 0, 0, 0, 0.956116199, -0.292987585, 0, 0.292987585, 0.956116199),
						RightHand = newCf(),
						LeftHand = newCf()
					}
				}
			},
			sprinting = {
				entryDur = 0.10,
				looped = true,
				trackDurScale = 0.7,
				[1] = {
				    goalC0 = {
				        LowerTorso = newCf(0.00870166998, -0.317267656, 0.0184646957, 0.953936517, -0.0157234799, -0.29959622, 0.122360967, 0.932181656, 0.340683252, 0.273921341, -0.361649185, 0.891166031),
				        LeftUpperLeg = newCf(-0.400000602, -0.249999106, 1.09721964e-06, 0.945401907, 0.291211635, -0.146325827, -0.139832884, -0.0431046486, -0.989236534, -0.29438445, 0.955687106, -3.04112818e-05),
				        LeftLowerLeg = newCf(-1.86029609e-07, -0.296477884, 1.45547801e-06, 0.995868087, 0.0144441314, -0.089656271, 0.0747200772, -0.691430509, 0.718568623, -0.0516118743, -0.722298443, -0.689652741),
				        LeftFoot = newCf(7.11799473e-08, -0.75, -6.95980731e-08, 0.983905196, 0.178691253, 9.17443103e-05, -0.178630501, 0.983557284, 0.0265824143, 0.00466013886, -0.0261711329, 0.999646604),
				        RightUpperLeg = newCf(0.399999768, -0.234922707, 8.22866014e-07, 0.999000609, 0.0338625163, 0.0291774571, -0.0157795101, 0.877896428, -0.478590578, -0.0418210737, 0.477651894, 0.877553344),
				        RightLowerLeg = newCf(1.1532704e-07, -0.300065041, 9.76523588e-05, 0.990651667, -0.0651853904, 0.119833969, -0.0514624938, 0.634959996, 0.770829201, -0.12633653, -0.769790053, 0.625669539),
				        RightFoot = newCf(-9.09990163e-08, -0.738147795, 7.57328394e-07, 0.997671247, 0.0645534769, -0.0220228434, -0.0664211065, 0.846117318, -0.528841794, -0.0155046573, 0.52907306, 0.848434746),
				        UpperTorso = newCf(-1.48219982e-07, 0.550000548, -2.35741027e-08, 0.981726348, -0.0235182028, 0.188839629, -0.0271180626, 0.964917123, 0.261150807, -0.188356385, -0.261499405, 0.94664675),
				        Head = newCf(-2.16066844e-08, 0.799998879, 9.77888703e-08, 0.995569289, 0.0606467873, 0.0718604922, -0.0541638322, 0.994561017, -0.0889649987, -0.0768650696, 0.0846785307, 0.993439198),
				        LeftUpperArm = newCf(-0.800000787, 0.199999556, -5.69711074e-06, 0.953854799, -0.159750462, 0.254245818, -0.0772038996, 0.687781751, 0.721800387, -0.29017359, -0.708121598, 0.643710494),
				        LeftLowerArm = newCf(-3.7252903e-07, -0.200000167, -1.71363354e-07, 0.955903113, 0.121075056, -0.267563283, -0.293682247, 0.394086778, -0.870888293, 3.48314671e-07, 0.911063373, 0.412266433),
				        LeftHand = newCf(0.000382631639, -0.549999893, 6.70552254e-08, 0.918142974, 0.281630188, -0.278744012, -0.341405123, 0.919316113, -0.195705056, 0.201137409, 0.274849772, 0.940213442),
				        RightUpperArm = newCf(0.800000727, 0.199999914, -5.77906712e-06, 0.919435859, -0.0574065074, 0.389027297, 0.252615333, 0.844387531, -0.472435445, -0.301368952, 0.532648325, 0.790861905),
				        RightLowerArm = newCf(-4.32133675e-07, -0.200000107, 5.58793545e-08, 0.955778837, 0.0580875389, 0.288292617, 0.294086307, -0.188785031, -0.936949015, 2.42143841e-07, 0.980298936, -0.197519466),
				        RightHand = newCf(1.54972071e-07, -0.549999714, 7.4505806e-07, 0.815837801, -0.0701227114, 0.574013531, 0.19790566, 0.966538727, -0.163206518, -0.543361843, 0.246750489, 0.802416503),
				    },
				    dur = 0.00000,
				},
				[2] = {
				    goalC0 = {
				        LowerTorso = newCf(0.0140119093, -0.311163187, 0.0583340675, 0.975578427, 0.0637265444, -0.210203782, 0.0169243366, 0.93233496, 0.361199379, 0.218998313, -0.355936021, 0.90848738),
				        LeftUpperLeg = newCf(-0.400000632, -0.249999434, 1.05251604e-06, 0.970945835, 0.226020813, -0.078606315, -0.0133175133, -0.276939064, -0.960795164, -0.23892884, 0.93392694, -0.265882909),
				        LeftLowerLeg = newCf(1.2662241e-08, -0.296478003, 1.12392718e-06, 0.993054271, 0.0116219595, -0.117082313, 0.109391779, -0.457601577, 0.882402658, -0.043321684, -0.889081299, -0.455694586),
				        LeftFoot = newCf(1.95977179e-07, -0.750000238, -1.31530982e-07, 0.986500502, 0.163238317, 0.0130371125, -0.163754895, 0.98285073, 0.0847883895, 0.00102748, -0.0857787654, 0.996313572),
				        RightUpperLeg = newCf(0.399999738, -0.234923035, 8.37767232e-07, 0.988445282, -0.132568672, -0.0734954178, 0.122428782, 0.984115422, -0.128561825, 0.0893713012, 0.118078552, 0.988974392),
				        RightLowerLeg = newCf(7.43488684e-08, -0.300064862, 9.74511931e-05, 0.98320359, -0.096940577, 0.154639319, -0.00179545616, 0.842102647, 0.53931427, -0.182503566, -0.530533373, 0.827784359),
				        RightFoot = newCf(-1.75749349e-07, -0.738147736, 1.26769316e-06, 0.99099803, 0.133067638, 0.0146941449, -0.121259585, 0.938695848, -0.3227171, -0.0567364953, 0.318030149, 0.94638139),
				        UpperTorso = newCf(-2.01538199e-07, 0.55000025, 4.00468707e-08, 0.964943767, -0.111477211, 0.237605944, 0.0536304414, 0.969960928, 0.237275779, -0.256919265, -0.216214821, 0.941936135),
				        Head = newCf(-1.1175878e-09, 0.799999356, 2.279412e-07, 0.994520247, 0.0213915724, 0.102332383, -0.0107700294, 0.994598031, -0.103241988, -0.103988111, 0.101574093, 0.989378154),
				        LeftUpperArm = newCf(-0.800000668, 0.200000152, -5.55554971e-06, 0.926778853, -0.136735991, 0.34983477, -0.232844219, 0.521679997, 0.820751846, -0.29472816, -0.842112422, 0.451643795),
				        LeftLowerArm = newCf(-3.87430191e-07, -0.199999809, -3.53436917e-07, 0.955903172, 0.078688249, -0.282944292, -0.293682367, 0.256121546, -0.920951962, 3.35276162e-08, 0.963436544, 0.267936766),
				        LeftHand = newCf(0.000382834667, -0.55000031, 2.3888424e-07, 0.928878069, 0.266210437, -0.257522196, -0.319858998, 0.927110553, -0.195336729, 0.186750874, 0.263814747, 0.946322381),
				        RightUpperArm = newCf(0.800000727, 0.200000569, -5.64868196e-06, 0.898158014, -0.213097394, 0.384580016, 0.408686757, 0.727186978, -0.551519871, -0.162134126, 0.652524769, 0.740218937),
				        RightLowerArm = newCf(-3.27825546e-07, -0.200000286, 6.70552254e-08, 0.955778837, 0.107912652, 0.273572177, 0.294086456, -0.350715429, -0.889107347, 5.21540642e-08, 0.93024385, -0.366942048),
				        RightHand = newCf(-8.34465013e-08, -0.550000072, 5.96046448e-08, 0.590909183, -0.448732376, 0.670422077, 0.553560138, 0.830055296, 0.0676720068, -0.586854041, 0.331130862, 0.738887489),
				    },
				    dur = 0.04167,
				},
				[3] = {
				    goalC0 = {
				        LowerTorso = newCf(0.0277452935, -0.32067132, 0.057343781, 0.989395916, 0.124707058, -0.0744567662, -0.0847218409, 0.911909819, 0.401550263, 0.117973998, -0.390984178, 0.912805378),
				        LeftUpperLeg = newCf(-0.400000602, -0.249999404, 1.01153785e-06, 0.994309843, 0.100584693, 0.0350811221, 0.059957657, -0.256219357, -0.964757323, -0.0880513042, 0.961371183, -0.260792285),
				        LeftLowerLeg = newCf(-7.52022018e-08, -0.296477944, 1.49831885e-06, 0.999613702, 0.00895151589, -0.0263111964, 0.0263520405, -0.00447384734, 0.99964273, 0.00883073173, -0.999949932, -0.00470810011),
				        LeftFoot = newCf(1.25196721e-07, -0.750000238, 1.55316329e-07, 0.999490142, 0.03065373, 0.00893510226, -0.0315041728, 0.992296278, 0.119815826, -0.00519317901, -0.120036297, 0.99275583),
				        RightUpperLeg = newCf(0.399999708, -0.234923005, 8.47080457e-07, 0.955602288, -0.167549685, -0.242386907, 0.23168239, 0.935509622, 0.266730338, 0.182064712, -0.311044872, 0.932793438),
				        RightLowerLeg = newCf(3.70959512e-08, -0.300064981, 9.76225565e-05, 0.989535272, -0.080174759, 0.119966172, 0.0664539561, 0.991221011, 0.114301972, -0.128077075, -0.105133593, 0.986176074),
				        RightFoot = newCf(-2.53980488e-07, -0.738148034, 9.10065296e-07, 0.974168181, 0.225818783, -0.00155282614, -0.22514987, 0.971767306, 0.0705406591, 0.0174383763, -0.0683688447, 0.997507691),
				        UpperTorso = newCf(-1.73598522e-07, 0.550000072, -3.86498868e-08, 0.952112615, -0.178749323, 0.248053223, 0.13247703, 0.972371399, 0.19220753, -0.275556684, -0.150141656, 0.949487269),
				        Head = newCf(2.49594443e-08, 0.799999475, 4.703179e-07, 0.994381428, -0.0186642017, 0.104198679, 0.0300774425, 0.993579924, -0.109061599, -0.101494133, 0.111582831, 0.98855865),
				        LeftUpperArm = newCf(-0.800000727, 0.199999973, -5.33203229e-06, 0.924979031, -0.0251344107, 0.379186302, -0.340359509, 0.389013171, 0.856051505, -0.16902481, -0.920889199, 0.351274312),
				        LeftLowerArm = newCf(-8.34465027e-07, -0.199999928, 1.0356307e-06, 0.955903053, 0.0433253385, -0.29046917, -0.293682516, 0.141019046, -0.945443928, 2.98023224e-08, 0.989058375, 0.147524431),
				        LeftHand = newCf(0.000383095437, -0.55000031, -2.92435288e-07, 0.943423986, 0.231282711, -0.237612426, -0.280963212, 0.938132584, -0.202403575, 0.176099494, 0.257712573, 0.950038552),
				        RightUpperArm = newCf(0.800000906, 0.200000867, -5.42143925e-06, 0.889025867, -0.418730438, 0.1851971, 0.445004255, 0.69506228, -0.564676583, 0.107723676, 0.584425509, 0.804265201),
				        RightLowerArm = newCf(-2.38418579e-07, -0.200000226, -2.08616257e-07, 0.955778956, 0.163851038, 0.244212061, 0.294086218, -0.532514691, -0.793688595, -1.45286322e-07, 0.830410123, -0.557152569),
				        RightHand = newCf(-8.34465013e-08, -0.549999714, -2.5331974e-07, 0.841373801, -0.177057013, 0.510627985, 0.289577574, 0.945435524, -0.149320275, -0.456327677, 0.273500413, 0.846736372),
				    },
				    dur = 0.04167,
				},
				[4] = {
				    goalC0 = {
				        LowerTorso = newCf(0.00530886417, -0.346014023, 0.0513882525, 0.996273696, 0.0846955106, 0.0162958875, -0.0838041306, 0.905929983, 0.41505146, 0.0203900579, -0.41487062, 0.909652054),
				        LeftUpperLeg = newCf(-0.400000662, -0.249999583, 1.02271372e-06, 0.999522686, -0.00159380876, 0.0308548044, 0.030453153, -0.117650345, -0.992588043, 0.00521210581, 0.993053854, -0.117545687),
				        LeftLowerLeg = newCf(-6.30950154e-08, -0.296478063, 1.24313647e-06, 0.998553932, 0.00198726216, 0.0537241846, -0.0482176244, 0.475057423, 0.878632724, -0.023775883, -0.87995249, 0.474466175),
				        LeftFoot = newCf(1.02844972e-07, -0.750000119, 1.54384992e-07, 0.993555665, -0.113329433, -0.00188291271, 0.111708589, 0.976262271, 0.18556267, -0.0191912204, -0.184577361, 0.982630551),
				        RightUpperLeg = newCf(0.399999768, -0.234923124, 8.05170941e-07, 0.981288433, -0.0601548404, -0.182905436, 0.139467105, 0.876996577, 0.459811002, 0.132747561, -0.476716459, 0.868976176),
				        RightLowerLeg = newCf(6.68982807e-08, -0.300064921, 9.74698196e-05, 0.993688524, -0.0865132287, 0.0714053065, 0.0753273591, 0.986305833, 0.14671956, -0.0831206292, -0.140414745, 0.986597538),
				        RightFoot = newCf(-8.2617106e-08, -0.738147736, 7.6664162e-07, 0.955527246, 0.294884175, 0.00334788836, -0.293631345, 0.950291872, 0.103566311, 0.0273586046, -0.0999434516, 0.994616985),
				        UpperTorso = newCf(-2.14343885e-07, 0.550000072, 8.57980922e-08, 0.959033787, -0.148544356, 0.241224051, 0.115460508, 0.982524276, 0.1459966, -0.258695304, -0.112163752, 0.959424913),
				        Head = newCf(-1.78813941e-08, 0.799999833, -3.63215804e-08, 0.996631622, -0.0244948156, 0.0782649964, 0.0326719955, 0.993938327, -0.104972124, -0.0752193108, 0.107175596, 0.991390646),
				        LeftUpperArm = newCf(-0.800000727, 0.200000569, -5.82377061e-06, 0.95192343, 0.0312627777, 0.304736555, -0.285140306, 0.454023302, 0.84413147, -0.111967601, -0.89044112, 0.441109687),
				        LeftLowerArm = newCf(-6.55651093e-07, -0.200000048, -1.08033419e-07, 0.955903113, 0.0377981104, -0.291239917, -0.293682456, 0.123029232, -0.947952807, 2.02097027e-07, 0.991682947, 0.128704667),
				        LeftHand = newCf(0.000382301951, -0.55000031, 1.03376806e-07, 0.936580241, 0.257707715, -0.237495884, -0.307504952, 0.929379523, -0.204192251, 0.168101862, 0.264273465, 0.949684858),
				        RightUpperArm = newCf(0.800000787, 0.200001106, -5.64495667e-06, 0.860243738, -0.491564423, 0.135444313, 0.492911518, 0.733767748, -0.467571557, 0.130456805, 0.468987465, 0.873516977),
				        RightLowerArm = newCf(-5.06639481e-07, -0.200000346, -2.98023224e-08, 0.955779016, 0.17209594, 0.238473341, 0.29408586, -0.559312224, -0.775037646, 2.25380063e-07, 0.810896337, -0.585189879),
				        RightHand = newCf(2.14576716e-07, -0.55000037, 4.17232513e-07, 0.848178625, -0.132114217, 0.512970626, 0.219112426, 0.969170451, -0.112687595, -0.482268214, 0.207977414, 0.85097748),
				    },
				    dur = 0.04167,
				},
				[5] = {
				    goalC0 = {
				        LowerTorso = newCf(-0.0275905728, -0.356680512, 0.0747722834, 0.997713089, 0.0318289846, 0.0596293435, -0.0523189642, 0.922207475, 0.3831397, -0.0427956767, -0.385383338, 0.921763718),
				        LeftUpperLeg = newCf(-0.400000721, -0.249999613, 9.55658493e-07, 0.999514699, -0.0305574238, 0.00604998041, 0.00927513652, 0.106532097, -0.994266093, 0.0297377203, 0.993839622, 0.106763661),
				        LeftLowerLeg = newCf(-6.86829225e-08, -0.296478301, 1.19284505e-06, 0.994161963, -0.0127653405, 0.107140012, -0.0607803836, 0.754183114, 0.653845131, -0.0891496167, -0.656539977, 0.749004364),
				        LeftFoot = newCf(1.00982348e-07, -0.750000417, 1.18063447e-07, 0.982562125, -0.185771808, -0.0077695949, 0.183105052, 0.959504187, 0.21406661, -0.032312315, -0.211756498, 0.976788044),
				        RightUpperLeg = newCf(0.399999738, -0.234923065, 7.78162587e-07, 0.996670127, 0.00268857903, -0.0814948156, 0.0328872912, 0.901301742, 0.431941718, 0.0746127293, -0.433183491, 0.898212194),
				        RightLowerLeg = newCf(1.97749117e-07, -0.300064802, 9.76481679e-05, 0.985592246, -0.0378118344, 0.164858013, -0.0674160346, 0.806098402, 0.587928891, -0.155122429, -0.590572238, 0.791935384),
				        RightFoot = newCf(-8.2617106e-08, -0.738147736, 6.08316782e-07, 0.959967434, 0.279920161, -0.0103589911, -0.279777586, 0.959972143, 0.0133427856, 0.0136792427, -0.00991037861, 0.999857306),
				        UpperTorso = newCf(-1.72434369e-07, 0.549999952, -1.57917384e-07, 0.973233581, -0.103136078, 0.205376327, 0.0739653781, 0.986666262, 0.144979149, -0.217590407, -0.12590763, 0.967885196),
				        Head = newCf(3.427267e-08, 0.80000031, -6.33299351e-08, 0.998773336, -0.0150298122, 0.0471816584, 0.0189167298, 0.996366143, -0.0830469579, -0.0457620919, 0.0838375688, 0.995428145),
				        LeftUpperArm = newCf(-0.800000429, 0.200000867, -5.82377061e-06, 0.971211255, 0.0815639868, 0.223821759, -0.233102679, 0.519091606, 0.822318137, -0.0491125137, -0.850818038, 0.523160279),
				        LeftLowerArm = newCf(-5.36441803e-07, -0.200000405, 5.30853868e-08, 0.955903053, 0.0357396342, -0.291499585, -0.293682396, 0.116327554, -0.948798597, -3.21771978e-07, 0.992567718, 0.121693961),
				        LeftHand = newCf(0.000382894272, -0.549999774, -2.30967999e-07, 0.925145149, 0.285260886, -0.250465155, -0.338784963, 0.918095469, -0.205731928, 0.171263695, 0.275185585, 0.94601351),
				        RightUpperArm = newCf(0.800000668, 0.200001702, -5.83867177e-06, 0.858696878, -0.474676132, 0.193189457, 0.508936286, 0.834120393, -0.212666735, -0.0601954162, 0.280937403, 0.957836509),
				        RightLowerArm = newCf(-5.96046448e-07, -0.200000525, 2.68220901e-07, 0.955778956, 0.14898622, 0.253554553, 0.294086367, -0.484205067, -0.824050188, 2.08616285e-07, 0.862176716, -0.506607711),
				        RightHand = newCf(1.54972071e-07, -0.550000072, -2.98023224e-07, 0.810790002, -0.159270659, 0.563251793, 0.199504644, 0.979844689, -0.0101125585, -0.550288439, 0.120570406, 0.826223552),
				    },
				    dur = 0.04167,
				},
				[6] = {
				    goalC0 = {
				        LowerTorso = newCf(-0.0424356647, -0.346336365, 0.103183322, 0.995840013, 0.0395727083, 0.0820781216, -0.0648323521, 0.94067049, 0.33307007, -0.06402798, -0.337005883, 0.939322948),
				        LeftUpperLeg = newCf(-0.400000662, -0.249999523, 1.07859307e-06, 0.999209642, -0.0143078966, 0.0370868407, 0.0396623835, 0.296562433, -0.954189599, 0.00265391544, 0.954906285, 0.296895564),
				        LeftLowerLeg = newCf(-1.11523818e-07, -0.296477944, 9.67464985e-07, 0.97897619, -0.039149791, 0.200182185, -0.103843533, 0.749044895, 0.654330492, -0.175562158, -0.661361635, 0.729231536),
				        LeftFoot = newCf(2.01565229e-07, -0.750000715, 2.74525661e-07, 0.994332373, -0.106229849, 0.0042730812, 0.104862109, 0.986568093, 0.12525034, -0.0175207593, -0.124092497, 0.992115915),
				        RightUpperLeg = newCf(0.399999827, -0.234922916, 9.30899432e-07, 0.997286081, -0.00617391849, -0.0733650178, 0.0254886728, 0.963809192, 0.265371978, 0.0690715238, -0.266521662, 0.961350739),
				        RightLowerLeg = newCf(4.45465176e-08, -0.3000651, 9.75131261e-05, 0.993743062, -0.0116050476, 0.111086614, -0.103190482, 0.285189062, 0.95290041, -0.0427391119, -0.958401024, 0.282207102),
				        RightFoot = newCf(-1.19869981e-07, -0.738147497, 9.51043489e-07, 0.988735318, 0.149602562, -0.00466495613, -0.149426565, 0.988408685, 0.0268355943, 0.00862558559, -0.0258361418, 0.999629021),
				        UpperTorso = newCf(-1.7290003e-07, 0.550000072, -3.28291208e-08, 0.978550553, -0.120659083, 0.166974083, 0.0902210027, 0.979668915, 0.179190159, -0.18520017, -0.160282016, 0.96954149),
				        Head = newCf(1.19209282e-08, 0.799999714, -1.2665987e-07, 0.999212623, -0.0205324925, 0.0339502171, 0.0221034158, 0.998670816, -0.0465621389, -0.0329491012, 0.0472758859, 0.998338342),
				        LeftUpperArm = newCf(-0.800000548, 0.200000152, -5.98768338e-06, 0.990336716, 0.134151325, 0.0351664573, -0.127424017, 0.780103266, 0.612537324, 0.0547392368, -0.611099243, 0.789659023),
				        LeftLowerArm = newCf(-5.66244125e-07, -0.200000405, -2.98023224e-08, 0.955903172, 0.0405206345, -0.290873438, -0.293682396, 0.131890699, -0.946760595, 1.60187525e-07, 0.990435779, 0.137974933),
				        LeftHand = newCf(0.000382803002, -0.549999535, -4.47034836e-08, 0.916770875, 0.288611025, -0.276106685, -0.350963533, 0.912092924, -0.211922437, 0.190671787, 0.291187555, 0.937472105),
				        RightUpperArm = newCf(0.800000548, 0.200001344, -5.95788106e-06, 0.864432395, -0.419809103, 0.276617229, 0.401738018, 0.907594621, 0.121977881, -0.302263737, 0.00568601256, 0.953207374),
				        RightLowerArm = newCf(-8.34465027e-07, -0.200000584, 2.08616257e-07, 0.955778956, 0.0897229761, 0.280065209, 0.294086218, -0.291599602, -0.910210371, 7.4505806e-08, 0.952323198, -0.305091053),
				        RightHand = newCf(6.91413902e-07, -0.549999654, -4.47034836e-08, 0.757646441, -0.166323647, 0.631116688, 0.221493378, 0.9751212, -0.00891756918, -0.613932014, 0.146544486, 0.775636613),
				    },
				    dur = 0.04167,
				},
				[7] = {
				    goalC0 = {
				        LowerTorso = newCf(-0.0453114398, -0.348263502, 0.122976899, 0.992159188, 0.0589971021, 0.110179827, -0.0908577964, 0.945821822, 0.311714411, -0.0858202279, -0.319281101, 0.943766177),
				        LeftUpperLeg = newCf(-0.400000751, -0.249999613, 9.85460815e-07, 0.997020721, -0.00823678635, 0.0766928792, 0.0739672482, 0.384063661, -0.920339108, -0.0218742788, 0.923269928, 0.38352859),
				        LeftLowerLeg = newCf(2.63119233e-08, -0.296478063, 9.67464985e-07, 0.985018075, -0.0539094321, 0.163808465, -0.113060728, 0.515378892, 0.849471509, -0.130217806, -0.8552652, 0.501562357),
				        LeftFoot = newCf(1.90551219e-08, -0.750000596, 2.67075052e-07, 0.999900401, 0.00172440766, 0.0140041644, 0.000667639426, 0.985610902, -0.169029951, -0.0140938489, 0.169022307, 0.985511303),
				        RightUpperLeg = newCf(0.399999797, -0.234923035, 8.1914078e-07, 0.994273782, -0.0490466021, -0.0949427038, 0.0469279215, 0.998599768, -0.0244222432, 0.096007593, 0.019827038, 0.99518317),
				        RightLowerLeg = newCf(1.12533094e-07, -0.300064862, 9.75713338e-05, 0.999982595, 0.00517138001, -0.00283913827, 0.00442263158, -0.338630199, 0.940909207, 0.00390441017, -0.940905392, -0.338647127),
				        RightFoot = newCf(-9.00677009e-08, -0.738147795, 6.62449906e-07, 0.99230963, 0.12338414, -0.00989758316, -0.123763487, 0.987669766, -0.0958697721, -0.00205324241, 0.096357584, 0.995344639),
				        UpperTorso = newCf(-1.63383078e-07, 0.550000072, -9.96515155e-08, 0.983974874, -0.145245656, 0.103427202, 0.121603072, 0.970858812, 0.206508771, -0.130407631, -0.19062227, 0.972963095),
				        Head = newCf(-9.23871966e-08, 0.799999714, 2.5331974e-07, 0.999222755, -0.0348959118, 0.0183338653, 0.0355438255, 0.998708963, -0.0362912007, -0.0170437675, 0.0369145945, 0.999173105),
				        LeftUpperArm = newCf(-0.800000727, 0.200000688, -5.51084622e-06, 0.980117202, 0.116579652, -0.160560012, -0.0617878512, 0.948282897, 0.311355025, 0.188553959, -0.29524371, 0.93663156),
				        LeftLowerArm = newCf(-4.02331352e-07, -0.200000405, 3.91155481e-08, 0.955903053, 0.0733255073, -0.284381568, -0.293682665, 0.238665506, -0.925629139, -1.4901164e-07, 0.968329668, 0.249675557),
				        LeftHand = newCf(0.000382460275, -0.549999893, 1.41561031e-07, 0.904075861, 0.296618849, -0.307675272, -0.3862046, 0.875321448, -0.290960997, 0.183010235, 0.38187632, 0.905912578),
				        RightUpperArm = newCf(0.800000668, 0.200000986, -5.63005551e-06, 0.897821963, -0.280283928, 0.339642167, 0.18090117, 0.937954664, 0.295830697, -0.401485652, -0.204161674, 0.892819881),
				        RightLowerArm = newCf(-5.51342964e-07, -0.200000107, -4.17232513e-07, 0.955778837, -0.0205492806, 0.293367624, 0.294086426, 0.0667840466, -0.953442812, 2.16066837e-07, 0.997555852, 0.0698740855),
				        RightHand = newCf(-1.72853476e-07, -0.550000012, 5.66244125e-07, 0.766927361, -0.201107174, 0.609408259, 0.246917844, 0.968994439, 0.00903119706, -0.592329383, 0.143547401, 0.792805135),
				    },
				    dur = 0.04167,
				},
				[8] = {
				    goalC0 = {
				        LowerTorso = newCf(-0.0473642424, -0.38006866, 0.165037841, 0.98036474, 0.0668586046, 0.185512468, -0.123295933, 0.942025304, 0.312067807, -0.153893024, -0.328813314, 0.931771815),
				        LeftUpperLeg = newCf(-0.400000751, -0.249999315, 1.04506546e-06, 0.996670067, -0.0379064307, 0.0721939653, 0.0813840255, 0.517274499, -0.851941228, -0.00504996581, 0.854979753, 0.518636942),
				        LeftLowerLeg = newCf(-2.43771581e-07, -0.296478182, 1.32881814e-06, 0.993560076, -0.040932022, 0.105655231, -0.0845601112, 0.352806717, 0.93186754, -0.0754189268, -0.934800446, 0.347073406),
				        LeftFoot = newCf(1.98771232e-07, -0.750000596, 1.59041662e-07, 0.999486327, -0.0152160963, 0.0282040834, 0.0268086884, 0.879193842, -0.475709796, -0.0175581872, 0.476221383, 0.879150033),
				        RightUpperLeg = newCf(0.399999857, -0.234922707, 9.30899432e-07, 0.987860858, -0.116542302, -0.102707215, 0.0556150153, 0.882682979, -0.466666579, 0.145044297, 0.455289751, 0.878449559),
				        RightLowerLeg = newCf(1.94008294e-08, -0.300064921, 9.76244191e-05, 0.9915663, 0.0139973564, 0.128842697, -0.0720948726, -0.766557276, 0.638116181, 0.107697278, -0.642023444, -0.759083331),
				        RightFoot = newCf(-1.86925206e-07, -0.738147497, 6.82822588e-07, 0.999234557, 0.0383734219, -0.00761243142, -0.0389392264, 0.956826627, -0.288039088, -0.00376924477, 0.288115084, 0.957588434),
				        UpperTorso = newCf(-1.34017313e-07, 0.55000031, 2.70083547e-08, 0.989725828, -0.14219074, -0.0149885826, 0.141689301, 0.961351395, 0.236067116, -0.0191572271, -0.235765249, 0.971621156),
				        Head = newCf(-1.11013648e-07, 0.799999833, 2.90572643e-07, 0.998611748, -0.0464383736, -0.0248640813, 0.0451712124, 0.997761846, -0.0493054837, 0.027098082, 0.0481138453, 0.99847424),
				        LeftUpperArm = newCf(-0.800000906, 0.20000051, -5.52574738e-06, 0.911094368, 0.0986676142, -0.400214732, -0.152643055, 0.982662976, -0.105231568, 0.382893294, 0.156965837, 0.910359561),
				        LeftLowerArm = newCf(-5.51342964e-07, -0.200000405, -1.52736902e-07, 0.955903172, 0.0880001783, -0.280187786, -0.293682158, 0.286430508, -0.911980569, -1.49011612e-07, 0.954051137, 0.299643874),
				        LeftHand = newCf(0.000382909173, -0.549999833, -8.94069672e-08, 0.905589044, 0.316957235, -0.281863004, -0.408558726, 0.830381274, -0.378875732, 0.113966338, 0.458263189, 0.88147974),
				        RightUpperArm = newCf(0.800000787, 0.200000867, -5.54064854e-06, 0.968167424, -0.11316146, 0.223263294, 0.0197646637, 0.923746407, 0.38249442, -0.249522224, -0.365905821, 0.896577775),
				        RightLowerArm = newCf(-5.36441803e-07, -0.200000167, 2.68220901e-07, 0.955778897, -0.131634474, 0.262981117, 0.294086248, 0.427811563, -0.854687333, -2.23517418e-08, 0.894231379, 0.447605193),
				        RightHand = newCf(1.99675554e-07, -0.55000025, 1.08033419e-07, 0.855416238, -0.092940025, 0.50953424, 0.153431296, 0.985083818, -0.0779023841, -0.494693756, 0.144817397, 0.856916606),
				    },
				    dur = 0.04167,
				},
				[9] = {
				    goalC0 = {
				        LowerTorso = newCf(-0.0612242408, -0.36432007, 0.195916831, 0.9643929, -0.0332800187, 0.262371778, -0.0550022162, 0.945122778, 0.322052121, -0.25869146, -0.325015932, 0.90963912),
				        LeftUpperLeg = newCf(-0.400000691, -0.249999315, 1.05996662e-06, 0.997949064, 0.0639678538, 0.00241979584, -0.0446129777, 0.722111762, -0.690336406, -0.0459066853, 0.688812554, 0.723484635),
				        LeftLowerLeg = newCf(-2.82887186e-07, -0.296477646, 1.18725711e-06, 0.999243915, -0.0125028621, 0.036814142, -0.0291050002, 0.387251496, 0.92151469, -0.0257777888, -0.921889365, 0.386594683),
				        LeftFoot = newCf(2.26215491e-09, -0.750000477, 1.00300426e-08, 0.998834193, -0.0261946954, 0.0405470319, 0.0461158231, 0.766056597, -0.641116917, -0.0142671894, 0.642239094, 0.766371429),
				        RightUpperLeg = newCf(0.399999797, -0.234923154, 7.55810845e-07, 0.979906619, -0.168227389, -0.107156865, -0.0612382106, 0.257545292, -0.964323878, 0.189823374, 0.951509356, 0.242068231),
				        RightLowerLeg = newCf(7.62115349e-08, -0.300064623, 9.74612049e-05, 0.987184346, 0.00560922874, 0.159485608, -0.0664236024, -0.89425534, 0.442600548, 0.145103544, -0.447521895, -0.882422209),
				        RightFoot = newCf(-7.33038732e-08, -0.738147676, 8.50460651e-07, 0.997589409, 0.0684885085, 0.0111677824, -0.0663292035, 0.988406897, -0.136573538, -0.0203919653, 0.135503635, 0.990566969),
				        UpperTorso = newCf(-1.56834716e-07, 0.549999833, -1.50874257e-07, 0.991232634, -0.0256445166, -0.12961562, 0.0563471168, 0.969352126, 0.239126757, 0.119510889, -0.24433361, 0.962298393),
				        Head = newCf(-4.06987972e-08, 0.800000191, 3.29688191e-07, 0.995860159, -0.023074761, -0.0879206434, 0.0174072925, 0.997753561, -0.0646912307, 0.0892158747, 0.0628929734, 0.994024694),
				        LeftUpperArm = newCf(-0.800000846, 0.200000867, -5.2873288e-06, 0.827988446, 0.109060243, -0.550037324, -0.356486827, 0.85954231, -0.366202414, 0.432842344, 0.499292463, 0.750569582),
				        LeftLowerArm = newCf(-3.57627869e-07, -0.200000286, 0, 0.955903172, 0.0635876283, -0.286715716, -0.293682277, 0.206969783, -0.933227956, -3.0547389e-07, 0.976278782, 0.216517612),
				        LeftHand = newCf(0.000383222097, -0.550000072, 7.64462551e-20, 0.895573795, 0.30290851, -0.325874656, -0.432849765, 0.762601852, -0.480707437, 0.102902271, 0.571563661, 0.81408),
				        RightUpperArm = newCf(0.800000787, 0.200001583, -5.33203229e-06, 0.994130433, -0.0881908387, 0.0626666024, 0.0347933024, 0.80908066, 0.586667001, -0.102440991, -0.581043065, 0.807400107),
				        RightLowerArm = newCf(-4.76837158e-07, -0.200000167, -5.92321157e-07, 0.955779016, -0.143676087, 0.25660044, 0.294086039, 0.466946781, -0.833950877, 2.98023259e-08, 0.872535348, 0.48855108),
				        RightHand = newCf(-1.80304056e-07, -0.549999475, 1.3038516e-07, 0.902514338, 0.0346710905, 0.429261982, 0.003935955, 0.996048331, -0.0887252316, -0.430641949, 0.0817652196, 0.89881146),
				    },
				    dur = 0.04167,
				},
				[10] = {
				    goalC0 = {
				        LowerTorso = newCf(-0.0802171379, -0.318336755, 0.242737815, 0.966071963, -0.10929849, 0.23400636, 0.025529325, 0.942015588, 0.334596455, -0.257008523, -0.317270309, 0.912845135),
				        LeftUpperLeg = newCf(-0.400000602, -0.249999583, 1.08231836e-06, 0.981171191, 0.193001434, 0.00732184295, -0.173690394, 0.89830929, -0.403574169, -0.0844676271, 0.394703716, 0.914917707),
				        LeftLowerLeg = newCf(-2.71711286e-07, -0.296477944, 1.08294898e-06, 0.999476016, 0.0310987327, 0.00898146629, -0.0258018132, 0.597851396, 0.801191688, 0.0195466056, -0.801003516, 0.598340333),
				        LeftFoot = newCf(3.058733e-07, -0.750000358, 2.03745117e-07, 0.99125123, -0.116636381, 0.0617814474, 0.131578803, 0.83637464, -0.532132387, 0.0103938356, 0.535605729, 0.844404221),
				        RightUpperLeg = newCf(0.399999768, -0.234923273, 8.75020135e-07, 0.991893351, -0.127050817, 0.00239402498, -0.0472169966, -0.385986, -0.921295464, 0.117975429, 0.913713813, -0.388856083),
				        RightLowerLeg = newCf(1.33953506e-07, -0.300064862, 9.76118463e-05, 0.995864451, 0.00565912528, 0.0906752646, -0.0526123755, -0.777749658, 0.626368463, 0.0740673989, -0.628548801, -0.774235487),
				        RightFoot = newCf(-7.5166497e-08, -0.738147557, 1.03299988e-06, 0.991371155, 0.130754888, 0.00929755997, -0.130640596, 0.979685664, 0.152148619, 0.0107855108, -0.152050301, 0.988313913),
				        UpperTorso = newCf(-1.62422651e-07, 0.549999475, -4.28408384e-08, 0.982254267, 0.0560623407, -0.178979263, -0.0152691547, 0.975015998, 0.221609384, 0.186931506, -0.214943811, 0.958569646),
				        Head = newCf(-3.27825553e-08, 0.800000668, 5.66709787e-07, 0.990245342, 0.00744861644, -0.139136195, -0.0184198953, 0.996804118, -0.0777325481, 0.138112545, 0.0795371011, 0.987217784),
				        LeftUpperArm = newCf(-0.800000727, 0.200000986, -5.35438403e-06, 0.800097942, 0.219976753, -0.558080256, -0.509176731, 0.740906417, -0.437946171, 0.317147255, 0.634561241, 0.704804659),
				        LeftLowerArm = newCf(-7.00354576e-07, -0.199999928, -7.4505806e-08, 0.955903053, -0.000129690408, -0.293682426, -0.293682426, -0.000421699195, -0.955902994, 1.60187483e-07, 1, -0.000441186188),
